
SetDesc: "CABCHSV PDF fixed 5-flavour fits"
SetIndex: 83300
Authors: Francesca Capel, Ritu Aggarwal, Michiel Botje, Allen Caldwell, Richard Hildebrandt, Oliver Schulz, Andrii Verbytskyi
Reference: arXiv:2309.xxxx
Format: lhagrid1
DataVersion: 1
NumMembers: 51
Particle: 2212
Flavors: [-5,-4, -3, -2, -1, 1, 2, 3, 4, 5, 21]
OrderQCD: 2
ForcePositive: 1
FlavorScheme: fixed
NumFlavors: 5
XMin: 0.001
XMax: 1
QMin: 100
QMax: 30000
MZ: 91.1876
MUp: 0
MDown: 0
MStrange: 0
MCharm: 1.3
MBottom: 4.75
MTop: 172
AlphaS_MZ: 0.118
AlphaS_OrderQCD: 2
AlphaS_Type: ipol
AlphaS_Qs: [10.9657, 13.8856, 17.7929, 23.0855, 30.3471, 40.4448, 54.6864, 75.0724, 104.712, 148.517, 214.38, 315.212, 472.537, 722.946, 1129.95, 1806.16, 2955.93]
AlphaS_Vals: [0.17453452714345766, 0.1656044720875994, 0.15718843235621077, 0.14924975504660673, 0.1417549142559524, 0.13467387682589968, 0.1279788988439652, 0.12164494305758497, 0.11564898453225156, 0.10996985797987555, 0.10458813169579464, 0.09948591845416353, 0.09464659845021499, 0.09005484636274266, 0.08569638192845011, 0.08155811090859946, 0.07762756789931409]
AlphaS_Lambda4: 0.326
AlphaS_Lambda5: 0.226

