
SetDesc: "CABCHSV PDF fixed 5-flavour fits"
SetIndex: 83300
Authors: Francesca Capel, Ritu Aggarwal, Michiel Botje, Allen Caldwell, Richard Hildebrandt, Oliver Schulz, Andrii Verbytskyi
Reference: arXiv:2309.xxxx
Format: lhagrid1
DataVersion: 1
NumMembers: 51
Particle: 2212
Flavors: [-5,-4, -3, -2, -1, 1, 2, 3, 4, 5, 21]
OrderQCD: 2
ForcePositive: 1
FlavorScheme: fixed
NumFlavors: 5
XMin: 0.001
XMax: 1
QMin: 100
QMax: 30000
MZ: 91.1876
MUp: 0
MDown: 0
MStrange: 0
MCharm: 1.3
MBottom: 4.75
MTop: 172
AlphaS_MZ: 0.118
AlphaS_OrderQCD: 2
AlphaS_Type: ipol
AlphaS_Qs: [100.0, 200.0, 300.0, 400.0, 500.0, 1000.0, 5000.0, 10000.0]
AlphaS_Vals: [0.11644230905055653, 0.10556450342115713, 0.10011199581939183, 0.09657920784253665, 0.09400924674686995, 0.08684547509089353, 0.07383670323664586, 0.06937661118588315]
AlphaS_Lambda4: 0.326
AlphaS_Lambda5: 0.226

